SLOPE:  0.40859261568960703
INTERCEPT:  58.43516914387115
R:  0.28322527658875046
RHO:  0.2522582355673623
TAU:  0.20517353635340468
P:  0.0
STD_ERR:  0.0017496052283852853